agustos_bocegi.jpg 124 163 79 0 0 0 0 5 130 68 121 46 96 42 0 0 0 0 0 0 0 0 14 24 141 106 62 53 89 49 27 16 6 13 5 0 37 59 43 16 77 45 31 60 102 35 33 51 33 19 9 29 35 46 22 20 61 38 25 10 12 16 18 162
ari-cicek2.jpg 4 44 0 0 0 0 0 0 19 11 114 84 98 4 0 0 0 0 0 0 109 108 39 8 121 164 124 51 46 121 92 0 8 18 27 0 69 161 168 78 104 118 60 11 86 94 62 0 35 56 56 0 59 88 74 4 65 75 71 76 63 16 0 0
Ordekler.jpg 61 0 0 0 3 0 0 0 86 75 2 21 0 0 2 0 181 96 0 0 0 0 5 0 119 144 96 76 98 175 23 0 113 204 59 2 31 26 0 0 140 114 47 15 131 87 18 3 112 94 20 3 59 42 3 3 117 149 70 34 6 0 2 6
102841525_bd6628ae3c.jpg 100 36 0 0 0 0 0 22 54 36 92 53 10 0 0 0 0 0 0 0 0 0 15 0 255 150 102 85 174 111 82 39 2 9 23 20 10 0 0 0 172 125 122 126 186 136 149 142 34 48 77 150 4 3 7 36 138 40 54 60 75 104 140 255
144076848_57e1d662e3_m.jpg 63 120 0 0 0 0 0 3 55 35 142 64 2 0 0 0 5 17 5 8 0 0 4 4 236 121 134 164 161 55 47 20 50 79 137 145 0 4 30 42 148 68 124 201 161 76 101 141 79 68 134 203 17 16 60 131 130 35 34 46 55 85 151 255
144099102_bf63a41e4f_n.jpg 23 241 20 0 0 0 0 0 103 51 255 184 181 15 2 0 1 3 1 0 0 0 0 0 255 255 145 136 220 138 84 80 20 24 39 136 19 5 8 34 160 55 47 117 159 49 53 117 81 18 36 125 55 15 16 85 152 40 12 7 11 15 62 147
154332674_453cea64f4.jpg 133 144 0 0 0 0 0 0 129 51 124 68 25 0 0 0 0 0 0 0 0 0 0 0 179 110 101 136 92 60 21 1 9 18 22 14 8 1 1 0 87 43 68 230 44 46 55 51 8 13 38 29 13 6 2 0 35 19 3 0 5 34 103 115
162362896_99c7d851c8_n.jpg 65 56 0 0 0 0 0 0 36 27 106 42 1 0 0 0 0 0 0 0 0 0 1 0 223 117 155 176 152 21 4 0 1 8 0 0 2 0 0 0 137 70 67 44 156 43 15 3 9 18 0 0 8 5 3 3 79 10 7 18 5 2 1 2
162362897_1d21b70621_m.jpg 57 56 0 0 0 0 0 0 25 19 43 34 4 0 0 0 0 0 0 0 0 0 0 0 176 82 93 159 163 23 9 3 1 1 0 0 0 0 0 0 204 82 81 67 242 46 17 4 37 5 2 1 2 1 2 7 107 17 16 9 9 6 8 4
169371301_d9b91a2a42.jpg 51 161 0 0 0 1 0 0 6 18 255 146 184 5 0 0 13 4 15 10 0 0 0 0 240 162 120 178 255 195 51 35 69 64 61 72 0 0 0 3 99 51 57 164 213 78 67 121 60 49 56 135 4 1 3 50 102 18 21 20 23 33 77 232
172882635_4cc7b86731_m.jpg 87 56 0 0 0 0 0 2 30 7 40 50 1 1 0 0 0 0 0 0 0 0 1 0 36 19 55 68 27 63 119 72 1 0 6 10 6 0 0 0 37 7 18 62 98 103 159 204 54 44 55 79 32 0 0 1 216 58 39 35 28 18 16 16
174131220_c853df1287.jpg 57 58 0 0 0 0 0 0 26 38 255 52 0 0 0 0 0 0 0 0 0 0 0 0 223 89 101 144 14 14 13 0 0 0 0 0 0 0 0 0 2 3 26 85 0 6 18 7 0 0 2 3 0 0 0 2 0 0 0 0 2 2 3 33
176375506_201859bb92_m.jpg 79 73 0 0 0 0 0 0 39 5 83 49 2 0 0 0 0 0 0 0 0 0 0 0 91 81 137 118 77 15 3 0 0 5 29 21 0 0 0 2 120 100 176 189 126 77 91 30 33 47 96 80 0 0 8 42 114 22 29 46 84 129 155 107
181007802_7cab5ee78e_n.jpg 32 232 46 0 0 3 0 0 58 23 255 138 141 4 0 0 2 0 7 1 0 0 1 0 200 157 173 214 213 83 88 91 34 24 25 44 15 16 13 8 113 83 130 235 135 79 125 222 99 53 74 163 58 28 43 95 133 34 32 44 52 74 136 255
286875003_f7c0e1882d.jpg 43 62 0 0 14 0 0 0 45 0 74 45 0 0 0 0 49 13 0 0 0 0 0 0 54 113 254 157 1 0 0 0 2 28 34 6 0 0 0 0 2 98 252 133 1 5 3 4 3 16 41 14 0 4 48 26 0 1 14 77 118 97 47 4
43474673_7bb4465a86.jpg 78 20 0 0 0 0 0 7 46 32 39 7 16 0 0 0 0 0 0 0 0 0 6 7 90 85 61 56 83 51 3 0 9 29 85 121 9 6 10 5 62 58 64 88 85 55 42 61 59 76 150 216 10 16 31 73 63 58 24 53 77 100 203 171
450128527_fd35742d44.jpg 19 121 0 0 0 0 0 0 33 29 225 62 164 0 3 0 0 3 0 0 0 0 1 0 255 148 92 129 255 174 89 70 23 45 45 64 30 4 4 7 152 56 73 195 155 79 95 191 75 43 71 175 82 15 26 111 90 82 20 16 28 56 141 255
488202750_c420cbce61.jpg 52 81 0 0 7 0 0 0 29 1 111 21 16 0 0 0 36 32 8 0 0 0 0 0 208 96 58 44 135 42 3 8 44 57 60 56 0 0 0 0 116 70 136 109 104 83 65 46 32 77 116 106 4 2 4 29 40 9 20 115 193 211 209 155
498159452_b71afd65ba.jpg 34 115 0 0 3 0 0 0 21 17 95 70 3 0 0 0 28 18 2 0 0 0 0 0 186 183 189 112 164 68 5 1 56 75 88 64 0 0 0 0 160 111 217 182 204 128 114 60 50 77 146 140 0 0 14 35 53 18 7 59 157 234 255 112
506348009_9ecff8b6ef.jpg 27 56 0 0 0 0 0 0 10 2 120 5 0 0 0 0 0 0 0 0 0 0 0 0 255 86 59 8 20 9 3 0 0 0 0 0 0 0 0 0 68 84 117 38 2 13 51 28 0 2 52 69 7 22 44 13 0 3 7 39 120 150 135 86
510844526_858b8fe4db.jpg 10 47 0 0 1 0 0 0 24 3 131 47 5 0 0 0 10 7 8 5 0 0 0 0 245 255 242 153 100 55 5 0 33 55 42 10 23 8 2 0 126 193 252 170 108 114 50 6 48 85 75 30 21 41 72 60 89 36 53 121 132 124 69 47
5547758_eea9edfd54_n.jpg 36 154 31 0 0 0 0 0 53 12 124 73 77 15 6 1 1 0 0 1 0 0 3 1 121 69 69 85 171 64 74 49 25 13 26 52 25 5 3 13 65 27 45 125 81 29 59 113 33 13 39 121 33 1 5 65 55 15 7 7 8 33 110 225
5794839_200acd910c_n.jpg 0 90 0 0 0 0 0 0 6 4 83 46 29 0 0 0 0 0 0 0 0 0 0 0 117 81 104 73 112 56 13 3 0 1 7 20 1 2 15 34 117 66 118 115 89 68 72 46 2 10 43 79 1 6 56 82 55 24 14 32 106 176 240 85
1074999133_1e4a1e042e.jpg 4 0 0 0 0 0 0 0 44 31 37 14 0 0 0 0 0 0 0 0 0 0 0 0 57 127 137 51 2 10 10 0 3 22 13 0 0 0 0 0 107 185 173 85 83 147 137 47 94 153 148 69 41 71 71 31 255 205 255 255 255 222 124 77
1128626197_3f52424215_n.jpg 37 255 0 0 0 0 0 0 0 0 105 1 13 0 0 0 0 0 0 0 0 0 0 0 161 13 0 0 171 5 0 0 8 0 0 0 0 0 0 0 177 12 1 0 209 6 1 0 46 2 0 0 13 2 0 0 217 4 6 4 5 0 0 0
1195255751_d58b3d3076.jpg 66 255 0 0 0 0 0 0 23 0 237 21 105 0 0 0 0 0 0 0 0 0 0 0 213 146 6 1 188 157 5 0 1 1 0 0 0 0 0 0 77 7 0 0 85 11 0 0 6 1 0 0 1 0 0 0 13 37 1 0 0 0 0 0
130733200_fbe28eea19.jpg 247 255 0 0 0 0 0 0 3 0 19 0 0 0 0 0 0 0 0 0 0 0 0 0 9 0 0 0 1 0 0 0 0 0 0 0 0 0 0 0 2 0 0 0 0 0 0 0 0 0 0 0 0 0 0 0 0 0 0 0 0 0 0 0
136011860_44ca0b2835_n.jpg 162 255 0 0 0 0 0 0 38 0 159 0 14 0 0 0 0 0 0 0 0 0 0 0 207 65 0 0 101 20 0 0 0 0 0 0 4 0 0 0 75 24 0 0 37 6 0 0 4 0 0 0 11 0 0 0 11 2 2 0 0 0 0 0
138132145_782763b84f_m.jpg 0 0 0 0 0 0 0 0 0 0 0 0 0 0 0 0 0 0 0 0 0 0 0 0 47 30 15 3 255 115 68 48 0 0 0 0 0 0 0 0 79 23 2 2 255 45 22 26 0 0 0 0 2 0 0 0 136 30 6 0 0 0 0 0
138166590_47c6cb9dd0.jpg 129 255 0 0 0 0 0 0 29 4 178 8 165 0 0 0 0 0 0 0 0 0 2 2 148 24 6 3 255 15 2 0 0 0 0 2 4 2 0 0 35 0 0 0 97 2 0 0 38 2 0 2 16 0 2 0 75 0 2 0 0 0 0 0
13920113_f03e867ea7_m.jpg 0 0 0 0 0 0 0 0 40 41 69 8 82 4 0 0 0 0 0 0 0 0 0 0 85 179 210 113 80 138 91 4 0 0 0 1 0 1 1 5 14 108 201 120 25 133 200 38 0 15 88 66 0 3 28 48 0 1 9 46 167 255 222 39
140951103_69847c0b7c.jpg 178 255 0 0 141 1 0 3 124 28 112 71 0 0 0 0 0 200 0 8 0 0 1 0 110 23 92 20 3 2 40 0 0 1 95 46 14 0 2 1 47 2 40 13 28 0 39 3 11 0 35 16 16 0 3 5 41 0 0 0 0 12 10 0
141652526_2be95f21c3_n.jpg 0 13 1 0 0 0 0 0 22 24 157 49 128 26 0 0 3 2 1 2 0 0 0 0 128 229 197 104 146 255 186 25 6 37 56 42 2 0 2 5 45 69 139 106 54 115 152 56 13 35 88 63 4 9 31 57 31 5 3 20 54 102 92 50
14283011_3e7452c5b2_n.jpg 0 3 1 0 0 0 0 0 7 0 90 3 132 2 0 0 0 0 0 0 0 0 0 0 136 63 33 3 255 109 15 1 8 5 2 0 0 0 0 0 111 46 32 5 246 73 44 4 61 7 6 0 9 0 0 0 148 3 2 4 3 0 0 0
15002906952_cab2cb29cf.jpg 65 94 0 0 0 0 0 0 85 58 87 59 40 0 0 0 3 0 0 0 0 0 4 0 179 255 255 216 171 96 42 6 14 9 2 0 22 31 13 8 108 136 183 148 107 67 54 19 30 10 3 5 43 28 35 35 70 34 10 18 25 37 56 36
16041975_2f6c1596e5.jpg 8 60 0 0 0 0 0 0 50 102 177 195 0 0 0 0 0 0 0 0 0 0 0 0 101 182 255 23 0 0 0 0 0 0 0 0 0 0 0 0 16 1 0 0 0 0 0 0 0 0 0 0 1 0 0 0 1 0 0 0 0 0 0 0
16744522344_8d21b1530d_n.jpg 165 223 0 0 0 0 0 0 168 126 253 70 17 0 0 0 0 0 0 0 0 0 7 0 242 255 174 35 78 17 2 0 7 1 1 0 21 7 16 3 60 6 11 1 46 2 1 0 14 2 0 0 22 3 5 2 28 3 0 0 1 0 0 0
16970837587_4a9d8500d7.jpg 255 255 0 0 0 0 0 0 255 60 255 135 15 5 0 0 0 1 0 2 0 0 6 0 255 180 141 55 57 49 47 26 52 17 27 11 128 40 27 10 147 46 41 17 70 36 36 9 57 19 23 8 100 19 18 12 85 19 17 10 6 7 4 3
17851831751_35b071f4b0.jpg 74 236 0 0 0 0 0 0 64 9 181 16 42 0 0 0 0 0 0 0 0 0 0 0 246 36 17 5 210 14 0 0 3 0 0 2 11 5 0 2 126 16 9 2 152 2 2 0 10 3 0 2 20 9 4 2 37 4 3 3 0 3 0 0
2444241718_3ca53ce921.jpg 31 212 7 0 0 0 0 0 43 44 156 89 60 32 0 0 0 0 2 0 0 0 0 0 24 64 158 113 23 58 147 71 0 3 22 55 3 21 34 7 2 12 79 110 0 2 102 119 2 0 47 144 0 8 34 48 0 0 0 2 14 46 172 71
2518321294_dde5aa7c20_m.jpg 133 162 0 0 0 0 0 0 107 94 96 66 0 0 0 0 0 0 0 0 0 0 1 0 156 194 89 28 41 4 0 0 1 0 0 0 5 0 0 0 103 27 0 0 72 1 0 0 30 0 0 0 15 0 0 0 71 51 1 0 0 0 0 0
3476759348_a0d34a4b59_n.jpg 129 176 0 0 0 0 0 1 74 0 74 0 0 0 0 0 0 0 0 0 0 0 3 0 218 65 5 0 58 16 0 0 19 1 3 0 36 16 4 0 151 29 3 0 59 5 0 0 34 3 3 0 49 8 2 0 134 8 4 1 1 1 0 0
3675486971_d4c8683b54_n.jpg 0 0 0 0 0 0 0 0 0 0 17 1 17 0 0 0 0 0 0 0 0 0 0 0 80 42 38 13 255 30 0 0 17 34 34 7 0 0 0 0 84 76 76 46 243 81 22 1 56 93 81 40 12 25 39 24 81 61 89 116 126 110 69 20
4514343281_26781484df.jpg 255 255 5 0 0 0 0 0 65 3 70 2 29 5 2 4 0 0 0 0 0 0 3 0 69 41 9 2 33 31 16 3 4 0 2 2 19 15 2 3 20 8 6 2 23 8 4 2 11 2 2 3 11 3 2 3 18 0 0 0 2 0 2 0
5762590366_5cf7a32b87_n.jpg 36 111 0 0 34 11 0 0 27 4 55 29 0 0 0 0 214 137 11 37 0 0 0 0 64 51 31 0 22 40 11 0 5 80 122 48 4 3 2 0 36 19 12 0 23 30 11 0 10 16 10 3 6 5 3 0 19 7 2 5 3 0 0 0
61242541_a04395e6bc.jpg 118 56 0 0 0 0 0 10 75 52 156 19 2 0 0 0 0 0 0 0 0 0 3 15 85 153 113 51 3 4 1 0 0 0 2 10 3 6 23 24 5 19 72 73 3 1 5 19 0 2 25 75 2 13 46 59 0 1 3 6 17 57 118 82
8475769_3dea463364_m.jpg 45 255 0 0 122 78 0 0 86 3 255 199 9 23 0 0 73 47 18 6 0 0 0 0 255 255 94 27 57 73 66 17 54 97 36 0 49 7 0 0 214 101 24 0 88 54 15 0 58 47 6 0 89 35 2 0 117 57 37 21 10 0 0 0
8842317179_d59cf218cb_n.jpg 0 0 0 0 0 0 0 0 6 10 2 1 73 0 1 0 0 1 0 0 0 0 0 0 8 83 111 28 4 235 255 41 0 2 93 44 0 0 1 2 6 57 97 51 3 51 203 83 0 13 79 67 0 3 10 18 0 0 13 31 43 51 48 31
1402130395_0b89d76029.jpg 112 65 0 0 5 2 0 9 123 168 159 30 3 0 0 0 18 8 9 1 0 0 9 37 231 144 166 125 47 10 4 1 25 27 17 7 2 15 35 31 136 55 41 31 68 17 9 6 27 13 11 6 8 14 14 6 85 18 7 15 3 4 6 1
14312910041_b747240d56_n.jpg 2 23 0 0 0 0 0 2 31 28 142 33 6 0 0 0 0 0 0 0 0 0 4 3 248 255 255 203 180 147 46 11 51 49 25 20 11 16 50 52 255 230 224 234 255 215 98 70 169 125 65 85 60 54 80 124 214 226 156 97 79 74 95 202
1446090416_f0cad5fde4.jpg 57 0 0 0 0 0 0 255 91 38 0 0 0 0 0 0 0 0 0 0 0 0 110 95 48 11 12 4 0 0 0 0 0 0 0 0 30 4 0 5 21 0 0 0 21 0 0 0 0 0 0 0 0 0 0 0 0 0 0 0 0 0 0 0
1485142251_ca89254442.jpg 255 4 0 0 0 0 1 255 201 8 1 5 0 0 0 0 0 0 0 0 4 4 191 2 175 10 6 7 0 0 0 0 2 0 0 0 151 1 1 1 123 1 0 2 20 0 0 0 33 0 0 0 85 0 0 0 101 0 0 0 0 0 0 1
15236835789_6009b8f33d.jpg 255 6 0 0 0 0 0 255 248 248 5 9 0 0 0 0 0 0 0 0 0 2 197 135 132 45 101 151 0 0 0 2 3 0 0 3 104 21 26 46 66 0 4 86 15 0 0 9 24 0 0 3 51 0 0 42 56 0 0 0 0 0 12 24
1562198683_8cd8cb5876_n.jpg 155 0 0 0 0 0 0 255 75 69 0 2 0 0 0 0 0 0 0 0 0 0 86 75 149 0 0 7 73 0 0 0 0 0 0 0 12 0 5 13 51 0 0 0 43 0 0 0 0 0 0 0 0 0 0 1 0 0 0 0 0 0 0 0
16018886851_c32746cb72.jpg 165 138 102 0 0 0 0 113 183 36 204 71 201 29 2 0 0 0 0 0 1 0 107 0 255 57 62 48 255 19 27 9 22 1 0 0 118 3 1 0 205 5 6 16 174 5 4 2 145 2 2 2 146 1 2 2 255 0 2 1 0 0 2 0
17090993740_fcc8b60b81.jpg 60 53 0 0 0 0 0 0 52 37 144 51 15 0 0 0 0 0 0 0 0 0 2 0 255 72 24 39 141 36 0 0 2 0 0 0 2 0 0 0 204 1 0 3 160 1 1 2 29 2 0 0 12 0 0 0 175 0 0 0 3 0 0 2
21347496068_f4d3339607.jpg 13 2 0 0 60 255 41 22 24 7 0 0 0 0 0 0 2 18 68 79 28 14 30 5 10 5 7 0 1 0 0 0 95 0 0 0 30 17 21 0 13 0 0 0 23 0 0 0 86 0 0 0 35 0 0 0 74 0 0 0 0 0 0 0
218630974_5646dafc63_m.jpg 169 23 8 0 0 0 3 149 62 71 45 19 54 7 0 0 0 2 9 9 2 2 52 56 149 76 45 73 115 66 47 12 16 21 26 12 54 43 18 40 162 37 27 32 159 27 7 12 61 8 10 10 54 24 9 15 211 24 11 11 7 6 3 19
23891005905_17ce9e6936.jpg 255 100 0 0 0 0 0 255 252 152 100 42 0 0 0 0 0 0 0 0 9 4 199 157 185 28 81 134 0 0 2 14 4 2 2 5 146 28 53 85 47 9 6 76 3 3 4 40 0 2 4 32 13 5 3 52 3 2 0 3 0 0 6 48
2414954629_3708a1a04d.jpg 49 47 0 0 0 0 0 148 65 6 11 13 0 0 0 0 0 0 0 0 0 12 112 83 128 101 31 7 60 50 2 0 0 8 16 14 84 42 35 0 157 74 37 4 88 64 18 2 92 53 48 16 106 31 9 0 183 96 68 42 39 34 0 0
272481307_1eb47ba3e0_n.jpg 75 0 0 0 0 0 0 30 190 136 7 2 0 0 0 0 2 0 4 1 0 0 201 98 121 155 132 60 28 4 0 3 32 24 7 4 158 236 159 51 86 47 22 9 68 5 3 1 51 26 3 3 90 95 38 6 133 34 17 9 3 2 1 2
298670754_f25edda891.jpg 33 0 0 0 0 0 0 134 125 72 32 42 6 27 0 0 0 0 0 0 0 0 189 222 89 96 125 35 0 18 50 14 5 18 37 18 46 36 75 78 14 7 44 7 1 4 30 16 0 16 34 17 5 9 36 6 2 0 0 4 28 24 2 7
3065719996_c16ecd5551.jpg 255 0 0 0 0 0 0 59 184 255 29 2 0 0 0 0 0 0 0 0 0 0 121 138 69 70 53 134 11 0 0 0 2 0 0 0 55 44 17 60 29 26 3 35 24 6 0 11 17 0 0 6 4 2 0 9 6 25 14 0 0 0 0 32
3554620445_082dd0bec4_n.jpg 180 0 0 0 0 0 0 217 0 143 0 0 0 0 0 0 0 0 0 0 0 0 0 121 0 0 0 54 0 0 0 0 0 0 0 0 0 0 0 29 0 0 0 0 0 0 0 0 0 0 0 0 0 0 0 0 0 0 0 0 0 0 0 0
4093390305_4010c736c9.jpg 27 10 0 0 0 0 0 131 90 47 40 12 19 15 0 0 0 0 0 0 0 0 163 123 93 84 83 60 74 87 41 22 2 6 5 12 26 81 122 99 107 12 35 97 77 14 18 77 14 9 3 73 65 0 35 109 130 9 4 4 2 5 68 123
4684127262_6c3346188d.jpg 152 1 0 0 0 0 0 239 140 49 32 0 14 1 0 0 0 0 0 0 0 2 150 124 128 99 131 5 29 10 6 6 1 1 1 6 91 68 83 28 85 25 8 1 53 10 5 3 10 3 4 5 51 12 11 2 69 9 3 4 1 2 1 0
850416050_31b3ff7086.jpg 0 0 0 0 0 0 0 0 1 0 120 0 0 0 0 0 0 0 0 0 0 0 0 0 94 155 248 172 0 0 0 0 0 0 0 0 0 0 0 0 41 0 2 142 0 0 0 0 0 0 1 0 6 0 1 8 22 0 0 0 2 0 0 14
873660804_37f5c6a46e_n.jpg 7 5 0 0 0 0 0 1 57 52 87 26 6 0 0 0 0 0 0 0 0 0 2 0 197 126 111 74 32 15 16 4 0 0 0 1 2 2 1 0 111 51 82 110 38 23 44 38 12 11 33 43 0 0 3 3 81 19 9 19 42 73 114 98
1008566138_6927679c8a.jpg 255 255 5 0 0 0 0 0 91 1 250 97 146 49 2 0 0 0 0 0 0 0 0 0 129 53 42 5 227 98 43 0 26 12 5 0 3 0 0 0 41 2 0 0 114 5 0 0 35 6 2 0 4 0 0 0 46 2 0 0 0 0 0 0
15054866658_c1a6223403_m.jpg 255 91 0 0 0 0 0 0 117 8 128 10 3 0 0 0 0 0 0 0 0 0 0 0 255 73 18 2 107 90 26 0 0 9 13 6 0 0 0 0 75 32 7 1 56 77 42 6 2 23 33 14 18 2 1 2 28 3 11 7 1 4 3 0
200288046_0032f322ff_n.jpg 191 255 3 0 0 0 0 0 145 40 255 61 88 39 0 1 1 0 1 0 0 0 2 0 255 141 55 23 136 172 117 33 44 50 19 3 111 5 3 15 124 34 5 2 84 63 17 2 69 32 2 1 87 10 0 2 97 36 8 4 1 0 1 0
2067882323_8de6623ffd.jpg 255 255 0 0 14 0 0 23 109 9 36 13 5 0 1 0 37 97 8 43 0 0 58 0 106 22 16 3 17 12 30 2 10 26 95 41 69 2 4 0 68 3 5 1 29 2 6 2 37 2 8 2 55 1 3 0 95 0 1 0 0 0 1 0
24459548_27a783feda.jpg 255 86 0 0 0 0 0 0 101 0 0 0 0 0 0 0 0 0 0 0 0 0 2 0 113 0 0 0 2 0 0 0 1 0 0 0 15 0 0 0 104 0 0 0 53 0 0 0 25 0 0 0 31 0 0 0 183 0 0 0 0 0 0 0
26254755_1bfc494ef1_n.jpg 140 218 2 0 0 1 0 0 81 9 255 81 159 29 8 2 56 20 2 2 0 0 3 0 119 157 78 2 237 255 174 34 66 129 129 180 7 2 3 0 29 21 7 0 84 85 48 4 46 42 24 6 7 3 1 0 30 6 3 5 1 0 0 0
27465811_9477c9d044.jpg 233 207 0 0 0 0 0 0 194 13 134 23 50 0 0 0 0 0 0 0 0 0 3 0 212 62 27 38 48 74 40 11 1 8 0 0 30 0 0 5 75 7 3 28 25 43 27 17 15 14 2 18 45 0 0 19 35 5 0 0 2 2 0 57
2927020075_54c9186797_n.jpg 225 255 0 0 0 0 0 0 247 35 118 29 0 0 0 0 14 6 10 1 6 0 34 0 255 156 44 13 31 8 3 3 166 67 12 4 245 78 15 2 165 50 5 4 85 20 3 2 147 34 6 3 168 56 5 3 127 64 27 5 1 0 1 2
29972905_4cc537ff4b_n.jpg 240 255 16 0 0 0 0 0 203 27 255 255 79 21 0 0 1 1 3 5 0 0 5 0 255 255 185 83 161 127 82 31 67 47 29 27 35 8 9 6 131 78 55 27 158 106 54 18 111 60 28 15 45 20 16 3 80 52 33 21 13 7 4 3
4341530649_c17bbc5d01.jpg 255 255 0 0 0 0 0 0 255 11 175 29 0 0 0 0 0 0 0 0 0 0 7 0 255 48 4 0 47 0 0 0 2 0 0 0 56 0 0 0 182 2 0 0 102 0 0 0 83 0 0 0 109 0 0 0 205 2 0 0 0 0 0 0
4489516263_e49fe82637_n.jpg 255 255 30 0 1 3 0 2 166 35 163 85 84 41 6 2 9 13 38 15 1 0 44 0 255 96 62 27 200 130 103 47 108 85 86 79 116 18 10 3 133 32 22 15 128 60 48 27 96 46 40 41 84 18 7 8 112 38 17 6 5 7 7 7
4872284527_ff52128b97.jpg 229 255 0 0 0 0 0 0 118 54 255 49 38 0 0 0 0 0 0 0 0 0 3 0 238 212 123 55 108 69 27 8 13 0 44 63 9 0 0 2 67 62 48 24 52 62 56 21 8 9 42 56 8 2 0 3 6 9 4 2 17 27 29 32
5923649444_a823e534e9.jpg 255 243 0 0 1 0 0 0 114 50 239 110 10 0 0 0 0 52 0 0 0 0 0 0 168 121 85 54 101 63 17 14 0 3 45 105 3 0 0 4 56 9 32 47 27 8 22 25 7 0 24 61 28 0 0 12 41 2 0 0 7 7 12 64
6104713425_8a3277e34a.jpg 255 105 0 0 0 0 0 0 151 61 83 76 2 0 0 0 24 62 0 0 0 0 8 0 205 191 116 53 105 102 9 0 36 74 47 30 28 6 8 3 104 51 33 53 89 86 29 12 35 38 34 23 28 8 3 40 42 12 6 5 7 23 36 106
678714585_addc9aaaef.jpg 199 233 0 0 88 28 0 0 120 20 73 29 13 0 0 0 5 183 0 52 0 0 8 0 76 32 50 2 32 51 21 0 1 11 54 4 47 0 1 1 5 3 21 2 3 15 11 0 0 0 14 1 5 0 9 1 0 0 0 0 3 8 0 0
6953297_8576bf4ea3.jpg 255 255 0 0 0 0 0 3 255 49 219 26 58 0 0 0 0 0 0 0 0 0 60 0 255 154 66 5 83 50 10 0 5 2 0 0 95 0 0 0 93 38 8 1 55 18 5 0 10 4 2 0 32 3 2 0 30 5 8 1 2 0 0 0
8174935013_b16626b49b.jpg 240 255 0 0 0 0 0 0 80 12 255 73 29 0 0 0 5 97 0 3 0 0 0 0 255 100 35 2 110 20 9 0 3 9 107 0 4 0 0 0 112 12 8 0 84 10 20 0 19 4 35 0 19 0 2 0 75 3 2 2 5 5 0 0
8174941335_56389b53e9_n.jpg 205 255 0 0 75 1 0 0 79 8 255 61 33 0 0 0 1 116 0 18 0 0 0 0 252 106 38 0 167 17 35 0 25 3 79 0 8 0 2 0 119 7 10 0 134 4 13 0 71 3 13 0 41 0 3 0 101 12 1 0 3 3 0 0
8174970894_7f9a26be7e.jpg 255 255 0 0 0 0 0 0 86 50 255 33 27 0 0 0 0 78 0 0 0 0 0 0 224 105 6 0 172 31 12 0 17 0 95 84 0 0 0 0 70 34 4 0 132 41 37 0 46 2 21 3 5 2 0 0 18 18 3 0 0 0 0 0
864957037_c75373d1c5.jpg 170 247 0 0 0 0 0 0 100 36 255 109 65 5 0 0 0 0 0 0 0 0 0 0 255 214 64 66 160 118 33 9 3 3 3 18 4 7 3 4 107 14 29 67 86 15 16 55 9 7 8 106 23 8 8 60 56 0 8 5 4 7 37 171
100930342_92e8746431_n.jpg 47 11 3 0 0 0 2 174 28 26 51 28 80 38 1 0 0 0 0 0 0 8 39 50 102 74 60 38 159 163 125 103 0 2 3 6 75 31 21 11 71 30 27 31 47 18 30 53 19 1 3 19 56 3 11 9 63 8 3 2 3 6 9 34
10791227_7168491604.jpg 255 116 0 0 0 0 3 168 127 0 0 2 0 0 0 0 0 0 0 0 0 0 122 2 103 0 0 2 3 0 0 0 10 0 0 0 97 0 0 2 89 0 0 0 34 0 0 0 30 0 0 0 72 0 0 0 135 0 0 0 0 0 0 0
112428919_f0c5ad7d9d_n.jpg 2 96 88 0 0 0 21 192 37 36 99 51 97 33 0 1 0 0 1 1 0 54 76 118 92 90 70 56 63 59 57 49 5 4 9 8 15 31 35 124 35 17 24 83 23 18 20 84 7 2 4 78 19 10 10 94 9 8 5 2 3 2 10 160
112650879_82adc2cc04_n.jpg 48 21 8 0 0 0 0 229 108 86 55 45 30 4 0 0 0 0 1 1 1 29 83 132 125 58 84 126 54 16 22 18 2 2 3 3 27 18 28 114 65 16 27 100 45 2 9 49 21 0 1 37 9 1 3 64 78 5 2 2 6 12 55 125
112651128_7b5d39a346_m.jpg 132 36 0 0 0 0 0 139 126 124 191 23 51 0 0 0 0 0 0 0 0 2 25 117 255 75 37 40 85 12 0 0 2 0 0 0 13 14 25 73 118 20 7 20 65 5 0 5 35 0 0 6 27 6 4 27 95 10 2 2 0 3 0 22
113291410_1bdc718ed8_n.jpg 255 101 24 0 0 0 0 128 160 139 111 71 49 1 0 0 0 0 0 0 0 0 79 46 145 74 121 243 77 12 6 20 3 0 1 7 56 6 20 58 65 12 39 127 54 2 3 51 22 1 3 40 22 4 10 55 49 3 2 1 6 5 7 73
11746276_de3dec8201.jpg 3 22 253 27 0 0 255 255 22 3 67 8 255 124 46 47 0 0 0 2 155 200 255 95 183 77 15 10 161 127 34 11 7 9 10 13 220 106 54 62 65 32 11 4 38 45 9 2 10 18 4 10 61 31 7 16 17 17 7 9 4 0 0 3
11746452_5bc1749a36.jpg 249 84 5 2 0 0 17 254 170 164 145 86 162 23 13 4 0 1 1 2 49 38 230 143 241 143 148 178 183 125 51 91 9 4 18 54 138 117 137 149 77 33 74 128 63 19 41 101 18 7 25 80 40 25 59 108 47 6 3 5 7 36 77 110
14957470_6a8c272a87_m.jpg 255 255 80 0 0 0 1 184 142 69 255 227 255 67 8 0 2 0 0 0 1 1 78 40 191 200 140 87 193 248 110 43 30 37 23 9 58 28 19 11 109 59 42 35 85 66 42 29 56 35 11 21 69 27 20 16 59 64 28 15 12 5 5 12
2272006181_785f1be94f_n.jpg 89 0 0 0 0 0 0 236 103 10 46 0 4 0 0 0 0 0 0 0 0 0 96 9 108 54 22 0 20 7 14 4 0 12 2 0 26 9 3 0 31 25 13 3 12 14 17 10 0 13 39 0 14 6 2 0 15 0 3 17 36 3 2 0
2294116183_a30d2aa2c1_m.jpg 43 35 0 0 0 0 0 157 124 72 88 73 0 0 0 0 0 0 0 0 0 0 62 73 255 99 146 140 0 0 0 5 0 0 1 0 14 6 7 31 92 33 46 114 2 1 2 18 1 0 2 20 17 1 1 48 18 0 3 3 3 6 31 107
2336919121_851ebc4754.jpg 0 4 0 0 0 0 5 196 0 4 29 21 29 67 16 13 4 0 2 0 5 43 48 147 33 65 76 15 49 119 91 34 14 19 3 132 8 52 92 209 15 35 57 27 25 47 44 18 11 13 10 88 2 21 40 97 2 10 3 10 5 24 23 2
2399982682_16929d1f6d_n.jpg 247 135 9 0 7 0 0 24 50 107 78 111 41 42 10 24 0 172 0 2 0 0 14 32 19 65 71 137 4 94 105 140 1 3 50 174 19 37 27 34 0 6 15 77 0 8 18 85 0 5 19 64 3 10 13 37 0 0 0 1 4 3 16 65
2418823693_72eec80f42_n.jpg 222 45 50 0 0 0 0 149 89 47 72 27 210 81 32 13 1 0 0 0 0 0 50 58 126 62 16 11 255 181 89 18 59 15 2 1 50 17 9 12 146 12 2 0 255 24 0 0 168 9 0 0 93 2 0 2 255 84 4 1 1 1 2 0
3396033831_bb88d93630.jpg 122 42 0 0 0 0 0 125 140 20 57 18 81 9 0 0 0 0 0 0 42 2 118 41 147 141 45 6 255 255 56 8 28 44 23 14 57 65 21 2 52 46 28 9 99 45 45 41 48 24 25 30 20 15 5 2 29 18 24 10 15 11 11 2
3421027755_cdb8fef8e8_n.jpg 88 112 101 0 0 0 6 171 57 18 74 37 165 47 4 1 31 19 3 9 7 21 94 52 98 59 28 19 255 160 98 51 101 68 51 48 69 47 26 39 67 27 7 12 143 33 10 14 75 25 7 18 41 13 8 14 47 34 15 6 2 3 3 16
38287568_627de6ca20.jpg 0 0 0 0 0 0 0 75 86 51 154 22 0 0 0 0 0 54 0 0 0 0 163 223 219 157 45 55 77 0 2 0 0 0 129 53 47 88 79 94 104 0 7 50 86 0 13 13 5 1 60 40 3 4 39 27 38 0 0 0 2 53 62 7
4550117239_5907aaba4c.jpg 255 131 46 0 2 128 15 255 153 54 150 53 255 83 55 20 67 49 114 130 33 17 99 91 175 133 45 23 255 255 116 25 94 170 75 19 32 62 34 14 74 31 5 4 52 32 12 17 19 27 7 24 17 18 5 3 82 4 6 2 2 0 45 4
4550278535_dfdf7b74ef.jpg 192 42 0 0 0 0 0 226 49 139 9 48 21 29 148 129 44 61 0 0 6 5 223 105 32 70 112 67 63 255 255 65 30 100 135 46 113 90 40 23 29 42 81 22 32 77 113 25 38 56 64 18 49 40 29 8 35 11 17 26 45 47 0 11
5208680166_c4372477ef_n.jpg 182 34 0 0 0 0 0 100 108 142 63 89 10 1 5 0 88 0 29 0 15 0 78 12 18 232 133 14 174 255 65 0 255 94 0 0 98 67 0 0 19 110 6 0 67 138 11 0 90 80 1 0 41 44 0 0 0 14 58 17 0 0 0 0
